5 1
6 3 1 5 0
10 4 3 0
3 4 2 3 0
5 3 2 1 5 4 0
3 2 3 5 4 1 0
72 2 3 4 0
1 4 1 3 2 5 0
1 5 3 2 4 1 0
1 1 5 3 2 4 0
56 5 3 4 0
2 2 1 5 3 4 0
53 3 2 4 0
9 1 2 3 4 5 0
4 4 5 3 2 1 0
1 3 4 1 5 0
84 3 5 4 0
1 1 5 4 2 3 0
1 1 2 5 4 3 0
3 1 3 4 0
5 4 2 3 1 5 0
35 3 4 1 2 5 0
4 1 5 3 0
5 3 5 2 4 1 0
125 3 4 0
3 5 2 0
27 3 1 4 2 5 0
16 3 5 1 4 2 0
9 3 1 5 4 2 0
1 4 1 3 5 2 0
2 5 1 3 4 0
4 2 5 4 1 3 0
4 3 1 2 5 4 0
125 3 2 0
44 1 0
2 1 3 4 2 5 0
3 2 3 1 4 0
1 2 1 4 3 0
4 1 4 3 5 2 0
30 2 4 0
5 5 3 2 0
10 4 3 2 0
2 3 5 1 2 4 0
5 4 3 2 1 5 0
6 4 5 3 0
2 5 1 4 2 3 0
2 2 4 5 3 1 0
33 5 4 0
3 4 3 1 5 2 0
21 5 4 1 3 2 0
4 2 1 3 4 0
7 4 5 0
6 1 5 0
35 3 4 2 0
6 4 3 5 2 1 0
15 3 5 1 0
353 2 0
13 3 5 4 2 1 0
5 4 3 5 0
187 5 0
37 3 2 4 1 5 0
3 2 5 4 0
2 2 3 1 5 4 0
1 2 4 5 1 3 0
17 2 1 3 4 5 0
1 1 2 5 3 4 0
10 2 3 5 0
1 2 5 4 3 1 0
5 3 2 4 5 0
1 2 5 3 0
2 4 1 5 0
13 2 4 1 3 5 0
1 4 2 3 1 0
1 2 5 3 1 0
1 5 3 1 4 0
1 1 2 0
6 4 2 0
4 1 5 4 3 2 0
2 5 4 2 0
1 2 1 5 4 0
1 4 1 2 0
1 1 5 4 3 0
7 4 3 5 1 2 0
2 1 3 5 4 2 0
6 3 5 1 4 0
3 1 4 0
9 5 1 4 3 2 0
5 3 2 5 0
1 4 2 3 5 1 0
2 5 2 4 0
24 3 4 2 1 5 0
44 4 0
3 4 3 1 2 5 0
1 5 2 1 4 3 0
18 3 4 5 2 1 0
122 2 3 0
7 3 2 4 1 0
39 2 3 4 1 5 0
5 1 2 4 3 5 0
3 4 1 0
6 2 5 0
2 5 2 3 4 1 0
1 2 1 3 5 4 0
27 2 4 3 0
42 5 4 3 0
2 1 5 4 0
9 5 3 4 1 0
4 3 4 1 2 0
86 5 3 0
19 5 4 1 0
4 5 4 3 2 1 0
1 2 4 3 1 0
4 1 3 5 0
19 2 1 4 3 5 0
4 5 4 3 2 0
6 4 3 1 0
7 3 4 5 1 0
1 1 4 2 3 5 0
126 3 5 0
27 2 3 1 0
1 5 4 1 3 0
15 5 4 3 1 2 0
15 2 4 3 1 5 0
1 3 2 5 1 4 0
29 3 1 4 0
1 5 2 4 1 3 0
2 1 2 3 0
8 5 1 3 0
3 4 5 1 0
46 3 4 1 0
1 3 5 2 1 4 0
62 3 5 4 1 2 0
7 3 5 2 0
1 1 4 5 3 0
1 1 4 2 5 3 0
1 4 1 2 3 5 0
1 3 1 2 4 0
5 3 4 2 1 0
3 3 2 1 4 0
1 2 5 4 3 0
3 5 4 1 2 3 0
16 5 1 0
1 1 4 3 2 5 0
1 5 2 4 3 1 0
1 2 5 1 3 4 0
29 3 1 4 5 2 0
1 5 3 1 2 4 0
841 3 0
9 3 2 5 4 1 0
3 5 4 3 1 0
10 2 3 4 5 1 0
4 2 4 3 5 1 0
12 3 1 2 0
15 3 5 4 1 0
2 4 1 5 3 2 0
4 2 1 4 5 3 0
3 5 2 3 0
3 4 1 3 0
26 2 3 1 4 5 0
1 4 2 1 0
1 3 2 5 4 0
43 3 4 5 1 2 0
1 1 3 4 5 2 0
2 1 4 5 0
1 1 4 5 2 3 0
65 3 1 0
14 2 1 4 0
3 5 3 4 2 1 0
3 1 4 3 0
5 1 4 5 3 2 0
1 4 5 3 1 2 0
1 2 3 5 4 0
7 2 3 4 1 0
34 5 3 4 1 2 0
2 1 4 2 0
2 3 4 2 5 0
30 3 2 1 0
1 2 4 5 0
14 3 1 2 4 5 0
1 3 1 5 4 0
64 3 4 5 0
17 3 4 2 5 1 0
3 2 4 1 5 3 0
13 2 1 3 0
5 1 3 2 0
40 2 1 0
27 3 4 1 5 2 0
12 5 1 4 0
2 5 4 2 1 3 0
2 1 3 4 5 0
1 1 3 2 5 4 0
11 5 3 1 0
4 2 4 1 0
3 4 5 1 3 2 0
6 1 3 0
1 2 5 1 0
1 1 2 4 0
1 5 1 3 2 4 0
4 2 3 4 5 0
13 3 2 4 5 1 0
13 5 3 1 4 2 0
3 1 3 2 4 5 0
1 2 5 3 4 1 0
34 3 2 1 4 5 0
0
"IAN CHARLES GIBSON" "Sco􀆫sh Family Party - Pu􀆫ng Families First"
"SHEILA GIBSON" "Sco􀆫sh Na􀆟onal Party (SNP)"
"Mary HUME" "Sco􀆫sh Labour Party"
"Ruby KIRKWOOD" "Sco􀆫sh Liberal Democrats"
"Chris LAWLER" "Sco􀆫sh Conserva􀆟ve and Unionist"
"Ward 06 - Kilwinning"
