5 1
1 4 1 2 5 3 0
3 3 1 5 0
31 4 3 0
13 4 2 3 0
2 2 3 5 4 1 0
1 3 5 2 4 0
11 4 1 3 2 5 0
5 2 3 4 0
31 5 3 2 4 1 0
2 1 5 2 0
1 1 5 3 2 4 0
30 5 3 4 0
1 4 1 5 2 3 0
25 3 2 4 0
11 1 2 3 4 5 0
7 4 5 3 2 1 0
1 4 5 2 1 3 0
11 3 5 4 0
1 1 3 5 4 0
1 1 5 4 2 3 0
2 1 2 5 4 3 0
171 1 3 4 0
5 4 2 3 1 5 0
18 3 4 1 2 5 0
1 1 5 2 3 4 0
5 3 5 2 4 1 0
10 1 5 3 0
73 3 4 0
168 5 2 0
29 3 1 4 2 5 0
1 3 5 1 4 2 0
2 1 2 4 3 0
5 4 1 3 5 2 0
2 3 1 5 4 2 0
1 1 3 2 4 0
765 1 0
10 3 2 0
1 4 2 5 1 0
79 1 3 4 2 5 0
2 5 4 2 3 0
1 2 3 1 4 0
1 4 1 3 2 0
1 5 1 2 3 4 0
11 1 4 3 5 2 0
7 2 4 0
21 5 3 2 0
14 4 3 2 0
1 3 5 1 2 4 0
5 4 3 2 1 5 0
3 4 5 3 0
1 5 1 4 2 3 0
3 2 4 5 3 1 0
28 5 4 0
3 4 2 1 3 5 0
5 4 3 1 5 2 0
1 3 1 4 2 0
1 5 4 1 3 2 0
1 2 1 3 4 0
5 4 5 0
4 5 1 2 4 3 0
16 1 5 0
26 3 4 2 0
1 4 5 2 3 1 0
7 4 3 5 2 1 0
31 2 0
12 3 5 4 2 1 0
1 3 5 1 0
6 4 3 5 0
379 5 0
7 3 2 4 1 5 0
3 2 5 4 0
1 4 2 1 3 0
1 1 4 2 3 0
1 2 4 5 1 3 0
3 2 1 3 4 5 0
1 1 5 3 2 0
3 2 3 5 0
9 2 5 4 3 1 0
8 2 5 3 0
2 3 2 4 5 0
3 4 1 5 0
6 4 3 5 2 0
2 2 4 1 3 5 0
17 1 2 0
14 4 2 0
5 5 3 2 1 4 0
2 4 5 2 0
26 5 4 2 0
10 1 5 4 3 2 0
15 5 3 4 2 0
2 4 3 5 1 2 0
2 1 3 5 4 2 0
7 1 3 4 2 0
152 1 4 0
3 5 1 4 3 2 0
2 4 2 3 5 1 0
9 3 2 5 0
45 5 2 4 0
18 3 4 2 1 5 0
8 5 1 3 4 2 0
87 4 0
5 4 3 1 2 5 0
5 5 2 1 4 3 0
18 3 4 5 2 1 0
8 5 3 2 4 0
7 2 3 0
2 2 3 4 1 5 0
21 1 2 4 3 5 0
17 4 1 0
17 2 5 0
41 5 2 3 4 1 0
8 2 4 3 0
25 5 4 3 0
1 1 4 3 5 0
3 1 5 4 0
5 5 2 1 0
1 5 3 4 1 0
4 5 2 3 1 4 0
53 5 3 0
5 5 4 1 0
25 5 4 3 2 1 0
9 1 3 5 0
8 5 4 3 2 0
1 2 1 4 3 5 0
29 1 4 2 3 5 0
7 2 5 3 4 0
27 4 3 1 0
12 3 5 0
2 2 3 1 0
4 5 4 3 1 2 0
5 2 4 3 1 5 0
21 3 1 4 0
7 5 2 4 1 3 0
7 1 2 3 0
12 5 1 3 0
36 3 4 1 0
6 5 1 2 0
1 2 4 5 3 0
3 3 5 4 1 2 0
1 1 4 5 3 0
13 3 5 2 0
3 1 4 2 5 3 0
1 4 1 2 3 5 0
7 1 5 3 4 2 0
1 5 1 3 2 0
1 3 4 2 1 0
6 5 4 1 2 3 0
2 2 5 4 3 0
57 1 4 3 2 5 0
9 5 1 0
50 5 2 4 3 1 0
7 3 1 4 5 2 0
2 5 3 1 2 4 0
195 3 0
5 3 2 5 4 1 0
6 2 3 4 5 1 0
2 4 3 2 5 0
8 5 2 4 3 0
5 2 4 3 5 1 0
1 2 1 4 5 3 0
1 3 4 5 2 0
1 4 1 5 3 2 0
43 5 2 3 0
3 3 5 4 2 0
16 4 1 3 0
6 4 2 5 3 1 0
2 2 3 1 4 5 0
1 4 2 5 1 3 0
4 4 2 1 0
1 3 2 5 4 0
21 1 3 4 5 2 0
4 3 4 5 1 2 0
2 1 4 5 2 3 0
4 1 4 5 0
20 3 1 0
1 5 1 2 4 0
3 4 2 5 0
28 5 3 4 2 1 0
3 2 4 3 5 0
119 1 4 3 0
4 3 1 5 2 4 0
16 5 4 2 3 1 0
2 1 4 5 3 2 0
2 2 3 5 4 0
11 5 2 3 4 0
17 1 4 2 0
4 5 3 4 1 2 0
1 1 2 5 0
6 2 4 5 0
2 3 4 2 5 0
1 3 2 1 0
3 3 1 2 4 5 0
10 3 4 5 0
12 3 4 2 5 1 0
3 1 4 3 2 0
11 1 3 2 0
2 2 1 3 0
1 2 1 0
1 2 5 3 1 4 0
4 5 1 4 0
5 3 4 1 5 2 0
2 5 4 2 1 3 0
6 4 3 2 5 1 0
7 5 3 1 0
1 2 4 1 0
1 4 5 1 3 2 0
8 1 2 4 0
87 1 3 0
1 2 5 1 0
2 5 1 3 2 4 0
9 3 2 4 5 1 0
5 1 3 2 4 5 0
4 5 3 1 4 2 0
14 2 5 3 4 1 0
3 3 2 1 4 5 0
0
"Jack Alistair James CRUICKSHANKS" "Scottish Conservative and Unionist"
"Mark David FINDLAY" "Scottish Green Party"
"Mark HILTON" "Scottish Labour Party"
"Sandra O'SHEA" "Scottish Liberal Democrats"
"Kathleen WOLF" "Scottish National Party (SNP)"
"Ward 6 - Arbroath West Letham and Friockheim"
