7 1
7 2 7 1 0
1 1 3 4 5 7 6 2 0
1 1 3 5 2 0
87 3 1 5 0
1 2 1 4 7 0
1 5 3 2 7 1 4 6 0
1 1 2 7 3 4 5 6 0
1 2 7 5 0
2 2 4 7 0
1 3 2 1 5 4 7 6 0
1 5 1 3 2 7 4 6 0
7 4 3 0
2 3 1 7 5 6 2 4 0
1 4 2 3 0
4 3 1 5 7 2 6 4 0
2 3 1 7 5 4 2 6 0
1 3 4 5 1 7 2 6 0
1 7 5 1 4 3 6 2 0
1 4 1 5 3 7 6 2 0
1 5 3 1 7 6 0
2 1 2 7 4 3 6 5 0
3 2 3 4 0
1 2 7 3 6 4 1 5 0
3 4 3 1 5 7 6 2 0
1 3 1 4 5 7 2 6 0
7 1 7 6 0
1 1 7 2 5 3 4 6 0
8 1 5 2 0
2 1 5 3 4 2 6 7 0
1 3 5 1 6 4 2 7 0
1 7 4 1 0
1 3 7 1 5 4 2 0
64 5 3 4 0
4 1 2 7 6 0
1 1 7 2 6 3 4 5 0
1 4 1 5 3 0
1 1 3 7 2 6 5 4 0
6 5 3 1 4 6 7 2 0
1 4 6 0
1 7 2 4 0
1 2 1 3 5 4 7 6 0
4 3 5 1 6 7 2 4 0
1 3 5 1 7 4 2 6 0
2 1 3 5 4 7 2 6 0
1 3 5 2 4 1 7 6 0
1 5 6 1 0
2 2 7 3 4 1 5 6 0
2 3 4 1 2 5 7 6 0
1 1 7 2 5 3 0
3 7 1 2 0
1 3 5 1 4 6 2 7 0
19 5 3 7 0
38 3 5 1 7 0
1 1 2 3 4 5 0
1 5 4 6 3 7 1 2 0
2 1 3 7 4 5 6 2 0
7 3 5 4 1 7 6 2 0
2 7 2 1 0
1 1 4 3 6 7 5 2 0
1 1 6 7 3 0
1 1 3 6 5 4 2 0
1 2 1 7 3 0
3 5 1 4 3 7 6 2 0
7 3 4 1 5 0
1 5 3 6 0
1 7 6 3 1 0
2 5 1 4 7 3 6 2 0
2 4 6 2 0
1 1 4 3 6 0
39 3 5 4 0
2 1 3 5 4 0
4 3 4 5 7 1 6 2 0
1 5 3 1 4 7 6 0
1 1 7 3 2 0
4 5 3 4 7 1 0
1 1 7 2 4 3 6 5 0
1 5 1 7 4 3 6 2 0
1 3 4 6 1 2 7 5 0
4 1 2 3 4 5 6 7 0
2 1 2 4 3 5 6 7 0
46 1 3 4 0
1 4 3 1 7 5 6 2 0
1 3 5 1 2 0
3 5 4 1 3 7 6 2 0
1 1 3 5 4 2 7 6 0
1 5 3 1 7 2 4 6 0
1 7 1 2 3 5 6 4 0
1 2 1 5 4 6 0
1 1 3 7 6 0
1 2 7 1 4 6 5 3 0
1 5 1 7 6 4 3 2 0
1 2 7 1 4 3 6 5 0
1 1 7 4 3 5 6 2 0
33 1 5 3 0
28 3 4 0
7 5 1 3 4 7 6 2 0
4 5 2 0
2 5 1 3 7 6 4 2 0
1 5 3 4 2 7 6 1 0
5 3 1 5 7 6 2 4 0
1 1 4 3 2 7 6 5 0
2 1 4 3 7 0
1 1 2 4 3 0
1 4 5 1 2 3 7 6 0
1 5 1 2 3 6 7 4 0
1 4 3 5 1 0
1 1 4 5 3 7 6 2 0
6 5 1 3 4 0
1 1 5 3 4 2 7 6 0
1 5 1 3 4 2 6 7 0
4 5 3 4 6 7 1 2 0
1 7 4 2 3 1 6 5 0
1 5 3 4 1 7 0
1 1 6 2 7 0
1 4 5 1 2 3 6 7 0
1 5 3 4 2 1 6 7 0
2 3 4 5 6 0
1 5 4 3 1 7 0
8 2 7 0
359 1 0
3 5 4 7 0
1 3 2 0
1 7 4 6 0
1 2 6 1 0
1 2 5 7 1 3 4 0
1 1 7 2 6 5 3 4 0
3 3 7 1 5 0
7 3 5 1 7 6 2 4 0
4 5 1 2 3 4 6 7 0
1 2 1 4 3 5 7 6 0
1 1 7 4 3 0
1 5 4 3 7 0
1 7 1 5 3 2 6 0
1 5 1 2 3 4 0
1 5 3 4 1 6 7 2 0
3 3 1 5 4 6 7 2 0
2 3 4 6 5 7 1 2 0
1 4 1 7 3 0
1 1 4 3 7 5 6 2 0
2 2 4 0
3 1 3 5 7 6 2 4 0
1 1 2 6 7 5 4 3 0
1 3 5 4 1 7 6 0
1 3 1 7 4 2 5 6 0
1 7 1 4 3 0
1 1 2 3 4 0
2 5 3 2 0
1 3 1 5 4 7 6 2 0
1 3 4 1 7 5 0
1 5 3 7 6 4 2 1 0
2 1 3 4 7 6 5 2 0
1 4 3 2 0
2 3 5 1 4 6 7 2 0
1 5 3 4 1 7 6 0
3 1 5 7 3 4 6 2 0
1 3 2 7 6 1 5 4 0
2 1 3 7 4 6 5 2 0
6 4 5 3 0
1 7 6 1 5 4 0
1 1 3 4 7 5 0
1 7 3 4 0
1 3 5 4 2 1 7 6 0
30 5 4 0
3 5 1 4 3 6 7 2 0
1 3 4 1 7 5 2 0
1 7 5 3 0
1 5 4 7 3 6 1 2 0
1 5 3 1 4 7 2 0
1 1 4 6 7 3 5 0
3 3 4 5 7 0
1 3 5 1 6 4 7 2 0
1 1 2 5 4 7 3 6 0
3 2 6 0
4 3 5 1 7 2 0
1 7 1 2 5 3 4 0
5 3 5 6 0
4 3 7 5 0
1 5 4 2 1 6 3 7 0
1 6 2 4 5 0
2 3 7 5 1 6 2 4 0
4 7 3 1 0
2 3 5 4 7 1 0
2 5 1 3 4 7 0
1 3 2 1 4 6 5 0
1 5 4 7 2 3 1 6 0
1 5 3 7 1 4 2 0
1 3 4 1 7 5 6 2 0
14 4 5 0
1 7 1 5 2 3 0
1 7 4 3 5 6 1 2 0
56 1 5 0
1 5 7 1 6 3 4 2 0
2 3 4 5 7 6 1 2 0
13 5 1 7 0
1 3 5 1 7 4 0
2 3 4 2 0
1 5 4 3 6 7 1 2 0
1 3 5 7 1 2 4 0
1 7 3 5 1 6 2 4 0
2 7 1 6 0
1 1 7 2 3 4 5 0
1 3 1 4 6 5 7 2 0
1 3 5 6 1 7 2 4 0
2 1 3 7 5 0
1 2 1 3 4 5 7 6 0
1 3 5 7 1 2 0
1 6 1 2 7 5 3 4 0
1 1 6 2 0
36 1 3 7 0
130 3 5 1 0
72 2 0
1 3 2 1 7 0
3 5 3 7 1 0
1 1 5 7 2 4 3 6 0
5 3 5 1 7 4 6 2 0
14 4 3 5 0
4 5 1 3 7 0
216 5 0
1 1 5 2 7 3 4 6 0
1 5 4 2 1 6 7 3 0
1 1 6 7 2 4 3 5 0
3 5 7 3 0
1 3 7 6 2 4 5 1 0
1 1 3 6 7 4 5 2 0
6 3 5 1 4 7 6 2 0
16 3 1 5 7 0
10 3 1 7 5 0
3 2 5 4 0
1 1 7 3 4 6 5 2 0
3 3 5 4 1 7 0
1 4 1 3 2 6 7 5 0
2 3 1 5 7 4 6 2 0
1 5 1 3 7 2 4 6 0
1 2 7 6 0
26 1 7 3 0
3 4 7 0
3 1 2 6 0
2 1 7 3 4 0
1 1 2 7 4 0
1 3 1 4 7 6 5 2 0
2 1 5 2 4 3 7 6 0
2 3 4 5 7 1 0
1 2 6 7 1 4 3 5 0
2 3 4 5 1 7 6 2 0
1 1 2 7 6 3 4 5 0
1 3 5 1 4 7 2 0
2 3 5 7 1 6 0
1 5 2 1 7 4 3 6 0
1 1 3 4 7 6 2 5 0
2 3 5 1 7 6 4 2 0
3 4 1 7 0
1 2 5 3 0
1 7 1 3 2 0
1 6 5 3 7 1 2 4 0
1 3 5 1 6 7 0
1 4 1 5 0
56 1 2 7 0
1 5 3 4 1 6 0
2 1 7 3 5 0
3 3 1 6 0
1 3 5 4 6 0
1 4 3 1 5 6 7 2 0
1 3 1 4 5 6 7 2 0
53 1 2 0
4 5 3 1 4 0
1 5 1 3 2 4 7 6 0
1 1 3 6 7 5 2 4 0
1 5 1 4 7 3 2 6 0
3 4 3 6 0
21 2 1 7 0
19 7 0
2 3 5 4 7 0
3 1 3 5 4 6 7 2 0
1 5 3 7 1 6 2 4 0
1 5 4 6 3 1 0
7 3 4 7 0
3 7 6 0
1 5 3 4 7 0
1 4 1 2 0
1 2 1 5 4 0
1 2 7 3 1 0
3 1 5 4 3 0
1 3 1 6 4 5 7 2 0
2 5 1 4 3 7 0
1 7 4 3 0
31 1 7 2 0
3 5 1 7 3 0
2 1 2 5 4 7 6 3 0
1 4 3 7 1 2 6 5 0
1 3 5 1 2 4 6 7 0
21 1 5 7 0
1 3 1 4 5 7 6 0
2 2 7 1 4 0
4 3 4 1 5 6 7 2 0
1 7 4 3 6 2 0
3 3 4 5 1 6 7 2 0
1 5 2 1 3 4 6 7 0
2 5 4 3 1 7 6 2 0
1 7 4 2 0
1 1 7 5 6 4 2 3 0
1 3 2 6 7 5 4 1 0
2 3 1 4 5 2 6 7 0
1 5 4 3 1 6 2 7 0
1 1 3 4 2 0
1 5 3 1 2 4 6 7 0
13 1 4 0
3 5 3 1 7 6 2 4 0
13 3 5 1 4 0
1 7 2 1 4 6 3 5 0
1 1 3 7 5 2 6 4 0
1 4 1 3 5 7 0
1 1 3 7 4 5 2 0
1 3 2 5 0
1 2 7 5 6 1 3 4 0
1 5 7 4 3 0
3 5 1 3 4 6 7 2 0
1 4 2 1 6 7 3 5 0
1 3 1 5 7 4 0
1 1 7 2 3 5 0
3 3 4 7 1 5 2 6 0
7 5 3 4 1 7 6 2 0
2 1 2 3 7 0
1 3 1 4 7 5 0
1 5 4 3 1 6 7 2 0
1 5 3 6 7 4 1 2 0
3 7 1 5 0
1 7 3 1 6 5 4 2 0
1 4 3 2 1 5 6 7 0
3 1 7 3 2 5 0
2 1 5 7 3 4 0
2 5 3 1 2 0
1 4 5 3 7 6 1 2 0
12 4 0
1 5 3 1 2 7 6 4 0
2 6 7 0
4 1 3 4 7 5 6 2 0
1 3 1 5 7 2 0
1 5 6 3 4 0
2 2 3 0
1 4 3 6 5 7 1 0
1 5 3 2 4 0
3 3 4 6 7 5 1 2 0
1 5 3 7 6 1 2 4 0
1 4 2 5 7 6 0
1 4 7 6 5 3 0
1 2 3 4 1 5 0
1 1 2 5 6 3 7 4 0
85 1 7 0
1 3 4 7 1 2 5 6 0
14 3 7 1 0
2 1 2 7 6 4 3 5 0
1 1 7 4 3 2 6 5 0
5 4 1 0
1 2 5 0
1 7 1 3 5 0
1 3 1 6 7 0
1 1 3 6 0
3 3 5 4 6 1 7 2 0
1 5 4 1 2 6 3 7 0
6 5 7 1 0
1 1 7 5 3 4 6 2 0
46 5 4 3 0
1 7 3 2 0
4 5 3 4 7 6 1 2 0
1 2 4 3 0
1 3 1 5 4 7 2 6 0
1 4 1 7 3 6 5 2 0
15 1 5 4 0
1 6 7 4 3 5 1 2 0
1 1 2 6 7 4 3 5 0
5 5 2 1 0
1 5 3 4 1 6 2 7 0
2 5 1 2 4 3 6 7 0
7 5 3 4 1 0
6 7 1 3 0
1 3 4 1 2 0
1 7 2 1 5 3 4 6 0
1 1 5 4 2 0
5 1 3 5 4 7 6 2 0
3 1 5 7 3 0
1 5 4 1 2 3 7 6 0
194 5 3 0
2 3 5 1 7 6 2 0
2 5 4 3 2 1 0
13 5 4 1 0
1 3 4 5 6 1 7 2 0
1 1 3 5 6 0
1 5 3 6 7 2 1 4 0
2 5 3 7 4 1 2 6 0
1 1 3 7 5 6 2 4 0
1 3 2 1 7 6 5 4 0
1 2 3 7 5 6 1 4 0
3 7 3 0
47 1 3 5 0
1 5 4 1 2 7 3 6 0
2 5 4 3 2 0
2 2 1 3 7 0
1 5 2 3 4 7 6 1 0
4 5 3 4 7 1 6 2 0
2 3 1 5 4 7 0
11 1 7 5 0
9 3 4 5 1 0
2 2 1 7 6 5 4 3 0
8 4 3 1 0
2 7 5 3 1 0
8 2 1 5 0
218 3 5 0
1 1 7 2 5 6 3 4 0
1 2 3 1 7 4 5 6 0
3 5 4 1 3 0
2 1 3 4 7 0
1 2 3 1 0
4 3 4 1 7 5 2 6 0
1 7 3 6 1 0
1 3 7 5 4 1 2 6 0
3 5 3 7 1 2 6 4 0
1 1 7 6 2 0
2 1 7 5 3 0
2 5 4 3 2 1 6 7 0
1 5 7 3 1 4 6 2 0
1 1 3 4 5 6 7 0
1 2 3 7 0
18 3 1 4 0
1 5 3 1 7 4 2 6 0
11 7 1 0
5 1 2 3 0
1 5 4 2 1 0
42 5 1 3 0
11 4 5 1 0
1 5 3 1 7 4 0
1 3 7 4 5 0
2 7 4 0
7 5 3 1 7 0
1 1 5 2 3 4 7 6 0
1 5 4 6 3 7 2 1 0
23 3 4 1 0
2 3 5 1 7 6 0
5 5 6 0
1 1 7 3 4 5 6 2 0
1 2 7 4 3 1 6 5 0
11 5 1 2 0
1 1 4 7 3 6 5 2 0
2 1 4 5 3 0
1 5 1 2 6 3 7 4 0
1 4 5 6 7 3 1 2 0
2 3 5 4 1 6 7 2 0
1 3 5 7 1 4 2 0
1 3 1 7 4 0
2 1 7 6 5 4 3 2 0
2 3 7 5 1 0
1 5 3 7 4 1 6 2 0
1 3 1 2 5 6 4 7 0
1 7 1 5 3 2 4 6 0
1 3 5 7 1 2 4 6 0
1 3 1 6 7 4 5 2 0
2 5 3 7 1 2 0
1 4 7 1 5 2 3 0
2 3 4 5 2 6 7 1 0
2 5 4 3 6 7 2 1 0
1 3 4 1 5 7 2 6 0
1 1 7 4 5 3 6 2 0
1 1 7 2 6 0
3 3 1 2 4 5 6 7 0
3 5 1 7 3 4 6 2 0
1 1 2 3 7 4 6 0
1 1 3 4 7 5 6 0
2 7 1 4 0
3 3 1 4 5 7 0
4 5 1 3 4 7 2 6 0
2 5 3 4 7 6 0
1 3 4 1 6 5 7 2 0
1 5 4 3 2 6 7 1 0
1 1 7 3 5 4 0
1 3 2 1 4 5 6 7 0
1 5 1 3 4 6 2 7 0
1 3 1 5 7 6 4 2 0
11 3 5 7 0
1 4 1 3 7 5 6 2 0
35 5 1 0
3 3 1 4 5 7 6 2 0
5 1 5 3 7 0
9 6 0
1 3 7 6 4 1 5 2 0
1 7 5 1 3 4 0
3 5 6 4 0
2 4 1 3 2 7 5 6 0
15 1 3 5 7 0
6 1 6 0
1 1 5 3 4 6 7 0
5 5 3 1 4 7 6 2 0
1 7 6 1 2 3 4 5 0
1 3 1 5 7 6 0
14 3 1 7 0
1 4 3 2 1 0
2 5 4 6 0
154 3 0
1 6 7 4 0
6 5 4 3 1 0
2 3 4 1 5 7 6 2 0
1 3 4 7 2 5 6 1 0
1 2 7 6 1 3 4 5 0
3 1 2 5 3 6 7 4 0
3 3 5 1 7 2 6 4 0
2 3 1 4 5 0
1 1 7 2 3 0
4 3 5 7 1 6 2 4 0
3 5 3 4 7 1 2 6 0
3 3 1 2 0
10 3 5 4 1 0
2 6 2 1 0
5 1 5 6 0
1 3 4 5 2 0
1 4 3 7 6 1 5 2 0
1 3 4 5 7 1 2 6 0
1 1 4 7 6 5 3 2 0
1 5 3 6 7 1 2 4 0
1 2 1 7 3 6 4 5 0
1 1 2 7 3 6 5 4 0
1 2 7 1 5 3 4 6 0
1 5 3 6 4 7 1 2 0
1 3 4 7 5 0
1 1 6 7 2 3 4 5 0
7 3 5 7 1 0
3 5 2 3 0
1 7 3 4 1 5 6 2 0
1 5 3 2 1 4 7 6 0
1 3 5 7 4 0
3 4 1 3 0
1 2 1 5 6 7 4 3 0
1 2 1 7 6 3 5 4 0
1 5 1 4 7 3 0
1 5 1 3 7 6 2 4 0
1 1 3 5 7 2 4 6 0
1 2 5 6 7 4 3 1 0
1 7 1 5 3 4 6 2 0
1 5 1 6 3 4 2 7 0
1 4 3 1 7 6 5 2 0
1 3 1 5 4 6 7 0
1 3 1 5 2 7 6 4 0
5 1 5 3 4 0
1 5 1 4 3 7 2 6 0
1 5 2 7 3 0
1 3 5 7 1 4 6 2 0
2 7 5 1 0
1 3 5 4 1 2 7 6 0
1 3 7 5 4 6 0
2 1 5 2 3 0
2 3 5 7 1 2 6 4 0
1 7 1 2 6 0
1 5 4 2 1 3 7 0
1 5 1 7 4 0
5 1 4 5 0
86 3 1 0
1 1 3 2 7 4 5 6 0
1 1 5 4 3 2 6 7 0
1 5 1 4 7 6 2 3 0
1 3 4 7 1 5 0
3 2 1 4 0
1 3 5 4 1 7 2 0
2 3 1 2 7 0
1 5 1 3 7 4 2 0
10 1 4 7 0
1 6 2 0
10 1 4 3 0
1 3 7 5 1 4 0
2 1 3 5 7 4 6 2 0
2 5 1 4 3 0
1 1 7 5 2 0
3 3 5 7 1 6 4 2 0
1 5 1 3 2 6 7 4 0
1 3 5 7 4 2 1 6 0
1 5 1 3 7 2 6 4 0
1 3 5 7 6 1 4 2 0
1 5 3 4 6 7 2 1 0
1 4 3 5 7 2 1 6 0
1 1 5 7 6 0
3 5 3 1 7 2 6 4 0
18 1 7 4 0
6 1 5 3 4 6 7 2 0
1 3 1 7 4 2 6 5 0
1 2 1 6 3 4 7 5 0
1 2 6 7 4 5 1 0
7 7 2 0
1 1 2 3 7 6 5 4 0
1 1 7 2 6 4 3 5 0
1 1 3 7 6 2 4 5 0
3 1 3 4 5 6 7 2 0
2 2 7 4 0
1 4 3 1 2 5 7 6 0
8 1 2 5 0
3 3 2 1 0
1 1 5 7 2 0
1 3 4 7 5 6 0
1 6 4 7 3 1 5 2 0
1 1 3 4 6 7 2 5 0
1 2 4 5 0
4 5 7 0
1 4 5 1 7 0
1 5 4 3 7 6 0
1 2 1 7 4 3 5 6 0
1 5 2 7 0
3 1 5 3 4 7 6 2 0
13 3 1 5 4 0
1 3 2 7 4 6 5 1 0
1 1 3 7 2 5 0
1 1 5 3 7 6 4 2 0
2 1 3 7 4 0
1 7 5 0
1 3 4 7 5 1 6 2 0
1 5 3 1 7 4 6 2 0
40 3 4 5 0
4 3 5 4 6 7 1 2 0
1 5 4 6 3 0
2 3 4 1 7 6 5 2 0
1 3 1 2 4 7 6 5 0
1 6 5 3 1 7 2 4 0
7 1 3 2 0
1 3 1 5 6 7 2 4 0
5 3 5 1 4 7 0
4 2 1 3 0
1 3 4 5 6 7 1 2 0
1 3 7 1 4 5 6 2 0
30 2 1 0
1 1 3 7 5 4 6 2 0
3 3 4 5 1 7 0
1 1 2 5 3 4 6 7 0
12 5 1 4 0
1 3 4 1 5 2 0
1 1 5 3 4 7 0
1 5 1 2 6 7 0
1 7 1 2 4 3 5 6 0
2 3 4 6 0
3 1 3 4 5 0
1 3 4 5 1 2 6 7 0
48 5 3 1 0
1 1 6 5 3 7 4 2 0
1 2 1 5 3 4 7 0
1 3 5 1 4 6 7 0
3 1 5 2 3 4 6 7 0
1 1 7 5 6 0
1 1 6 4 0
90 1 3 0
7 1 2 4 0
1 1 6 7 5 0
1 2 5 1 0
1 3 1 4 7 5 6 2 0
3 3 1 4 7 0
1 4 1 3 6 7 2 5 0
1 7 6 1 0
1 4 3 1 6 5 7 2 0
1 3 4 2 1 5 7 6 0
1 2 3 4 5 0
1 4 1 7 5 0
1 1 3 5 7 4 6 0
1 1 3 4 7 2 6 5 0
1 5 3 1 6 7 4 2 0
1 1 3 6 4 2 5 7 0
14 3 7 0
1 6 4 1 0
1 3 7 4 1 6 5 2 0
1 3 1 7 5 2 6 4 0
1 4 3 7 0
1 4 3 1 2 6 5 7 0
0
"Ruth HALL" "Glasgow Labour"
"Faten HAMEED" "Scottish Conservative and Unionist"
"Seonad HOY" "Elect a Scottish Green Councillor"
"Alistair MCCONNACHIE" "Independent Green Voice - Organic Green Scotland"
"Malcolm Francis MCCONNELL" "Scottish National Party (SNP)"
"Ryan MCGINLAY" ""
"Daniel John O'MALLEY" "Scottish Liberal Democrats"
"Ward 11 Hillhead"
